ground	[./models/dice/D6.obj]	[1]	{true}
mat4x4((10000.000000, 0.000000, 0.000000, 0.000000), (0.000000, 15.000000, 0.000000, 0.000000), (0.000000, 0.000000, 10000.000000, 0.000000), (0.000000, -225.000000, 0.000000, 1.000000))

boing	[./models/words/boing.obj]	[2]	{true}
mat4x4((1.000000, 0.000000, 0.000000, 0.000000), (0.000000, 1.000000, 0.000000, 0.000000), (0.000000, 0.000000, 1.000000, 0.000000), (0.000000, 0.000000, 0.000000, 1.000000))

center	[./models/teapot.obj]	[3]	{true}
mat4x4((1.000000, 0.000000, 0.000000, 0.000000), (0.000000, 1.000000, 0.000000, 0.000000), (0.000000, 0.000000, 1.000000, 0.000000), (0.000000, 0.000000, 0.000000, 1.000000))

tree	[./models/Tree/Tree.obj]	[4]	{true}
mat4x4((17.375999, 0.000000, 0.000000, 0.000000), (0.000000, 17.375990, 0.000000, 0.000000), (0.000000, 0.000000, 17.375990, 0.000000), (299.026001, -34.942200, 196.908005, 1.000000))

truck	[./models/truck/truck.obj]	[5]	{true}
mat4x4((2.952300, 0.000000, 0.000000, 0.000000), (0.000000, 2.952300, 0.000000, 0.000000), (0.000000, 0.000000, 2.952300, 0.000000), (438.726990, -33.029491, 182.347000, 1.000000))

dice	[./models/dice/D6.obj]	[6]	{true}
mat4x4((1.000000, 0.000000, 0.000000, 0.000000), (0.000000, 1.000000, 0.000000, 0.000000), (0.000000, 0.000000, 1.000000, 0.000000), (81.559097, -57.439602, -148.727997, 1.000000))

garbage	[./models/garbage/Garbage_Bin.obj]	[7]	{true}
mat4x4((0.246746, 0.000000, 0.000000, 0.000000), (0.000000, 0.246740, 0.000000, 0.000000), (0.000000, 0.000000, 0.246740, 0.000000), (150.906006, -42.482601, -164.761993, 1.000000))

horse	[./models/horse/horse-obj.obj]	[8]	{true}
mat4x4((0.475340, 0.000000, 0.000000, 0.000000), (0.000000, 0.475340, 0.000000, 0.000000), (0.000000, 0.000000, 0.475340, 0.000000), (650.911011, -60.040501, 78.522301, 1.000000))

nanosuit	[./models/nanosuit/nanosuit.obj]	[9]	{true}
mat4x4((1.923840, 0.000000, 0.000000, 0.000000), (0.000000, 1.923840, 0.000000, 0.000000), (0.000000, 0.000000, 1.923840, 0.000000), (397.480011, -36.485500, 150.438995, 1.000000))

tree	[./models/Tree/Tree.obj]	[10]	{true}
mat4x4((1.000000, 0.000000, 0.000000, 0.000000), (0.000000, 1.000000, 0.000000, 0.000000), (0.000000, 0.000000, 1.000000, 0.000000), (0.000000, 0.000000, 0.000000, 1.000000))

abandoned1	[./models/abandoned1/abandoned1.obj]	[11]	{false}
mat4x4((0.153338, 0.000000, 0.000000, 0.000000), (0.000000, 0.153330, 0.000000, 0.000000), (0.000000, 0.000000, 0.153330, 0.000000), (1166.599976, -17.940300, 678.895020, 1.000000))

building3	[./models/building3/building3.obj]	[12]	{false}
mat4x4((0.241039, 0.000000, 0.000000, 0.000000), (0.000000, 0.241030, 0.000000, 0.000000), (0.000000, 0.000000, 0.241030, 0.000000), (3941.080078, 240.537003, -1630.020020, 1.000000))

building2	[./models/building2/building2.obj]	[13]	{false}
mat4x4((0.199937, 0.000000, 0.000000, 0.000000), (0.000000, 0.199930, 0.000000, 0.000000), (0.000000, 0.000000, 0.199930, 0.000000), (3078.530029, 209.203003, 420.704010, 1.000000))

building6	[./models/building6/building6.obj]	[14]	{false}
mat4x4((0.060004, 0.000000, 0.000000, 0.000000), (0.000000, 0.060000, 0.000000, 0.000000), (0.000000, 0.000000, 0.060000, 0.000000), (824.239014, 20.627501, 1032.810059, 1.000000))

building10	[./models/building10/building10.obj]	[15]	{false}
mat4x4((0.168064, 0.000000, 0.000000, 0.000000), (0.000000, 0.168060, 0.000000, 0.000000), (0.000000, 0.000000, 0.168060, 0.000000), (3060.080078, 106.026001, 844.791992, 1.000000))

building11	[./models/building11/building11.obj]	[16]	{false}
mat4x4((0.001119, 0.000000, 0.000000, 0.000000), (0.000000, 0.001110, 0.000000, 0.000000), (0.000000, 0.000000, 0.001110, 0.000000), (686.057983, 230.356003, 1520.180054, 1.000000))

skyscraper4	[./models/skyscraper4/skyscraper4.obj]	[17]	{true}
mat4x4((0.141782, 0.000000, 0.000000, 0.000000), (0.000000, 0.141780, 0.000000, 0.000000), (0.000000, 0.000000, 0.141780, 0.000000), (303.109985, 96.314301, 1358.660034, 1.000000))

destroyed_house1	[./models/destroyed_house1/old_house1.obj]	[18]	{true}
mat4x4((0.509425, 0.000000, 0.000000, 0.000000), (0.000000, 0.509420, 0.000000, 0.000000), (0.000000, 0.000000, 0.509420, 0.000000), (-449.980011, 2.359590, 487.912994, 1.000000))

Dobby	[./models/Dobby/Dobby.obj]	[19]	{true}
mat4x4((1.000000, 0.000000, 0.000000, 0.000000), (0.000000, 1.000000, 0.000000, 0.000000), (0.000000, 0.000000, 1.000000, 0.000000), (0.000000, 0.000000, 0.000000, 1.000000))

road1	[./models/road1/road1.obj]	[20]	{true}
mat4x4((0.093138, 0.000000, 0.000000, 0.000000), (0.000000, 0.093130, 0.000000, 0.000000), (0.000000, 0.000000, 0.093130, 0.000000), (980.130981, -65.004501, -513.112976, 1.000000))

road3	[./models/road3/road3.obj]	[21]	{true}
mat4x4((0.091412, 0.000000, 0.000000, 0.000000), (0.000000, 0.091410, 0.000000, 0.000000), (0.000000, 0.000000, 0.091410, 0.000000), (980.296021, -64.276703, -595.903015, 1.000000))

street_cones1	[./models/street_cones1/street_cones1.obj]	[22]	{true}
mat4x4((0.142308, 0.000000, 0.000000, 0.000000), (0.000000, 0.142300, 0.000000, 0.000000), (0.000000, 0.000000, 0.142300, 0.000000), (189.501007, -72.103500, -141.725983, 1.000000))

