building3	[./models/building3/building3.obj]	[23]	{true}
mat4x4((0.220248, 0.000000, 0.000000, 0.000000), (0.000000, 0.220240, 0.000000, 0.000000), (0.000000, 0.000000, 0.220240, 0.000000), (600.000000, 746.136292, -4700.000000, 1.000000))

horse	[./models/horse/horse-obj.obj]	[24]	{false}
mat4x4((0.640686, 0.000000, 0.000000, 0.000000), (0.000000, 0.640680, 0.000000, 0.000000), (0.000000, 0.000000, 0.640680, 0.000000), (4000.000000, 144.117661, -8700.000000, 1.000000))

truck	[./models/truck/truck.obj]	[25]	{false}
mat4x4((3.478981, 0.000000, 0.000000, 0.000000), (0.000000, 3.478980, 0.000000, 0.000000), (0.000000, 0.000000, 3.478980, 0.000000), (1500.000000, 373.529419, 9700.000000, 1.000000))

destroyed_house1	[./models/destroyed_house1/old_house1.obj]	[26]	{true}
mat4x4((0.559859, 0.000000, 0.000000, 0.000000), (0.000000, 0.559850, 0.000000, 0.000000), (0.000000, 0.000000, 0.559850, 0.000000), (-7300.000000, 809.870117, 8600.000000, 1.000000))

nanosuit	[./models/nanosuit/nanosuit.obj]	[28]	{false}
mat4x4((3.938288, 0.000000, 0.000000, 0.000000), (0.000000, 3.938280, 0.000000, 0.000000), (0.000000, 0.000000, 3.938280, 0.000000), (4500.000000, 141.176483, -8500.000000, 1.000000))

building6	[./models/building6/building6.obj]	[30]	{true}
mat4x4((0.062948, 0.000000, 0.000000, 0.000000), (0.000000, 0.062940, 0.000000, 0.000000), (0.000000, 0.000000, 0.062940, 0.000000), (-8700.000000, 97.714348, -8800.000000, 1.000000))

building2	[./models/building2/building2.obj]	[32]	{true}
mat4x4((0.122185, 0.000000, 0.000000, 0.000000), (0.000000, 0.122180, 0.000000, 0.000000), (0.000000, 0.000000, 0.122180, 0.000000), (500.000000, 467.159943, 2400.000000, 1.000000))

boing	[./models/words/boing.obj]	[33]	{false}
mat4x4((1.000000, 0.000000, 0.000000, 0.000000), (0.000000, 1.000000, 0.000000, 0.000000), (0.000000, 0.000000, 1.000000, 0.000000), (-8100.000000, 750.000000, 9400.000000, 1.000000))

building11	[./models/building11/building11.obj]	[34]	{true}
mat4x4((0.001119, 0.000000, 0.000000, 0.000000), (0.000000, 0.001110, 0.000000, 0.000000), (0.000000, 0.000000, 0.001110, 0.000000), (-8700.000000, 750.000000, 8600.000000, 1.000000))

dice	[./models/dice/D6.obj]	[37]	{false}
mat4x4((1.000000, 0.000000, 0.000000, 0.000000), (0.000000, 1.000000, 0.000000, 0.000000), (0.000000, 0.000000, 1.000000, 0.000000), (-7300.000000, 750.000000, 2900.000000, 1.000000))

center	[./models/teapot.obj]	[39]	{false}
mat4x4((1.000000, 0.000000, 0.000000, 0.000000), (0.000000, 1.000000, 0.000000, 0.000000), (0.000000, 0.000000, 1.000000, 0.000000), (5900.000000, 0.000000, 5000.000000, 1.000000))

garbage	[./models/garbage/Garbage_Bin.obj]	[42]	{false}
mat4x4((0.246746, 0.000000, 0.000000, 0.000000), (0.000000, 0.246740, 0.000000, 0.000000), (0.000000, 0.000000, 0.246740, 0.000000), (-9500.000000, 0.000000, -9300.000000, 1.000000))

street_cones1	[./models/street_cones1/street_cones1.obj]	[43]	{false}
mat4x4((0.142308, 0.000000, 0.000000, 0.000000), (0.000000, 0.142300, 0.000000, 0.000000), (0.000000, 0.000000, 0.142300, 0.000000), (1100.000000, 373.529419, 8700.000000, 1.000000))

abandoned1	[./models/abandoned1/abandoned1.obj]	[54]	{true}
mat4x4((0.153338, 0.000000, 0.000000, 0.000000), (0.000000, 0.153330, 0.000000, 0.000000), (0.000000, 0.000000, 0.153330, 0.000000), (-5100.000000, 49.369236, -8800.000000, 1.000000))

tree	[./models/Tree/Tree.obj]	[57]	{false}
mat4x4((26.673027, 0.000000, 0.000000, 0.000000), (0.000000, 26.673010, 0.000000, 0.000000), (0.000000, 0.000000, 26.673010, 0.000000), (-5400.000000, 750.000000, 1500.000000, 1.000000))

road3	[./models/road3/road3.obj]	[60]	{true}
mat4x4((0.091412, 0.000000, 0.000000, 0.000000), (0.000000, 0.091410, 0.000000, 0.000000), (0.000000, 0.000000, 0.091410, 0.000000), (-9300.000000, 750.000000, 8800.000000, 1.000000))

skyscraper4	[./models/skyscraper4/skyscraper4.obj]	[61]	{true}
mat4x4((0.124934, 0.000000, 0.000000, 0.000000), (0.000000, 0.124930, 0.000000, 0.000000), (0.000000, 0.000000, 0.124930, 0.000000), (-4200.000000, 502.078613, -2200.000000, 1.000000))

road1	[./models/road1/road1.obj]	[72]	{true}
mat4x4((0.093138, 0.000000, 0.000000, 0.000000), (0.000000, 0.093130, 0.000000, 0.000000), (0.000000, 0.000000, 0.093130, 0.000000), (-1200.000000, 373.529419, 100.000000, 1.000000))

Dobby	[./models/Dobby/Dobby.obj]	[90]	{false}
mat4x4((1.000000, 0.000000, 0.000000, 0.000000), (0.000000, 1.000000, 0.000000, 0.000000), (0.000000, 0.000000, 1.000000, 0.000000), (2400.000000, 344.117645, 600.000000, 1.000000))

